ISS (ZARYA)             
1 25544U 98067A   19090.86122167  .00002487  00000-0  47415-4 0  9998
2 25544  51.6428  25.6176 0002448 131.4050 328.4305 15.52468183163241
TIANGONG-2              
1 41765U 16057A   19090.41342300  .00004190  00000-0  52834-4 0  9998
2 41765  42.7835  70.7441 0006423  82.2068  50.1219 15.61062433144882
BANXING-2               
1 41834U 16057H   19090.36141204  .00050260  92617-5  12953-3 0  9995
2 41834  42.7770 320.3170 0015504 242.3048 108.1764 15.94948422140160
PHOENIX                 
1 42706U 98067LP  19090.09120579  .00130659  17637-4  37174-3 0  9998
2 42706  51.6241 315.5399 0004659 219.6020 140.4647 15.93076138107196
ALTAIR PATHFINDER       
1 42711U 98067LS  19090.30969974  .00026779  00000-0  17840-3 0  9995
2 42711  51.6352 339.8789 0003981 177.8184 182.2834 15.75183661106551
SHARC                   
1 42712U 98067LT  19090.09942533  .00151976  19760-4  45560-3 0  9999
2 42712  51.6282 332.3791 0005347 203.2446 156.8319 15.92000506106873
ZA-AEROSAT              
1 42713U 98067LU  19090.10592645  .00086943  00000-0  29359-3 0  9999
2 42713  51.6308 321.7796 0004331 201.6455 158.4368 15.89230289106774
CSUNSAT1                
1 42715U 98067LW  19090.05106266  .00137445  18530-4  35387-3 0  9998
2 42715  51.6270 317.5819 0005609 214.8549 145.2092 15.94919549106825
NJUST-1                 
1 42722U 98067MB  19090.48305875  .00062076  00000-0  27015-3 0  9995
2 42722  51.6379 325.7930 0004065 216.2146 205.6421 15.84167228105826
LILACSAT-1 (LO-90)      
1 42725U 98067ME  19087.71781172  .15670676  12603-4  45746-3 0  9992
2 42725  51.6064 319.7683 0009359 299.6698  60.5570 16.44549673105565
NSIGHT                  
1 42726U 98067MF  19090.26375040  .00016340  00000-0  14864-3 0  9997
2 42726  51.6388 354.0620 0004553 215.5855 144.4839 15.68102648105349
SNUSAT-1B               
1 42727U 98067MG  19089.91797841  .06519165  12339-4  59073-3 0  9997
2 42727  51.6087 308.8243 0009316 268.9251  91.0707 16.37980460105869
SNUSAT-1                
1 42733U 98067MN  19073.81661424  .22721454  12576-4  28234-3 0  9995
2 42733  51.6021  29.3648 0005433 200.7020 239.9908 16.49371243103244
BEEAGLESAT              
1 42736U 98067MR  19090.53199037  .00202006  27654-4  44107-3 0  9995
2 42736  51.6263 313.1860 0006346 237.9530 122.0863 15.97774008105812
KESTREL EYE IIM (KE2M)  
1 42982U 98067NE  19090.27645873  .00007564  00000-0  92809-4 0  9990
2 42982  51.6390  12.9270 0004045 187.9691 172.1240 15.61430250 81504
ASTERIA                 
1 43020U 98067NH  19090.24628468  .00020843  00000-0  19484-3 0  9994
2 43020  51.6435   4.5960 0002685 160.1536 199.9565 15.67235765 77388
DELLINGR (RBLE)         
1 43021U 98067NJ  19090.27429465  .00008146  00000-0  98465-4 0  9993
2 43021  51.6402  12.9438 0002811 145.0659 215.0520 15.61701061 77275
1KUNS-PF                
1 43466U 98067NP  19090.21103195  .00016365  00000-0  18118-3 0  9997
2 43466  51.6394  17.0075 0001674 120.3564 239.7597 15.63147234 50476
UBAKUSAT                
1 43467U 98067NQ  19090.33180333  .00010721  00000-0  13170-3 0  9993
2 43467  51.6390  18.5589 0003413 120.0582 240.0750 15.60879661 50478
BATSU-CS1 (IRAZU)       
1 43468U 98067NR  19090.18975815  .00021652  00000-0  22170-3 0  9999
2 43468  51.6387  15.3576 0001756 120.9218 239.1950 15.64924570150486
CUBERRT                 
1 43546U 98067NU  19090.17045943  .00022508  00000-0  26261-3 0  9991
2 43546  51.6394  21.2255 0005316 179.3006 180.7996 15.61533089 40555
TEMPEST-D               
1 43547U 98067NV  19089.90739346  .00003893  00000-0  59703-4 0  9992
2 43547  51.6398  26.2136 0005649 177.3927 182.7095 15.56969601 40146
RAINCUBE                
1 43548U 98067NW  19089.93383998  .00010474  00000-0  13594-3 0  9994
2 43548  51.6384  24.1373 0005482 183.6094 176.4860 15.59444213 40625
HALOSAT                 
1 43549U 98067NX  19090.25542274  .00009937  00000-0  12950-3 0  9993
2 43549  51.6390  22.5394 0005250 189.3202 170.7695 15.59403149 40238
RADIX                   
1 43550U 98067NY  19090.35891053  .00020104  00000-0  22751-3 0  9997
2 43550  51.6377  19.4608 0003962 193.8957 166.1928 15.62410958 40747
ENDUROSAT ONE           
1 43551U 98067NZ  19090.28002423  .00013098  00000-0  16170-3 0  9997
2 43551  51.6395  21.2075 0005597 195.1296 164.9530 15.60509456 40660
EQUISAT                 
1 43552U 98067PA  19090.01631367  .00011099  00000-0  14223-3 0  9990
2 43552  51.6404  23.2050 0005920 195.1730 164.9086 15.59707678 40570
1998-067PB              
1 43553U 98067PB  19090.20243948  .00008552  00000-0  11444-3 0  9998
2 43553  51.6414  22.9615 0006089 195.8596 164.2207 15.58909717 40642
1998-067PC              
1 43554U 98067PC  19090.19990721  .00013110  00000-0  16066-3 0  9996
2 43554  51.6393  21.4237 0005733 194.3286 165.7546 15.60701969 40192
AEROCUBE 12A            
1 43556U 18046C   19089.89134576  .00001242  00000-0  56892-4 0  9995
2 43556  51.6429  79.3717 0008624 141.6643 218.4952 15.28442232 39355
AEROCUBE 12B            
1 43557U 18046D   19090.16048264  .00001480  00000-0  65525-4 0  9993
2 43557  51.6429  78.1659 0008645 143.0749 217.0827 15.28348668 39347
LEMUR-2-VU              
1 43558U 18046E   19090.43000676  .00002280  00000-0  92473-4 0  9990
2 43558  51.6426  76.2345 0007930 145.9190 214.2301 15.28928524 39434
LEMUR-2-ALEXANDER       
1 43559U 18046F   19089.90393450  .00002826  00000-0  11135-3 0  9997
2 43559  51.6417  78.7232 0007948 144.4274 215.7237 15.29001710 39134
LEMUR-2-YUASA           
1 43560U 18046G   19089.90976090  .00001936  00000-0  80454-4 0  9998
2 43560  51.6423  78.7551 0008141 157.8026 202.3308 15.28924354 39358
LEMUR-2-TOMHENDERSON    
1 43561U 18046H   19090.16779249  .00001999  00000-0  82603-4 0  9993
2 43561  51.6424  77.4796 0008154 159.3832 200.7478 15.28941260 38953
SIRIUSSAT-1             
1 43595U 98067PG  19089.89396617  .00012090  00000-0  15854-3 0  9990
2 43595  51.6380  25.3616 0003933 152.5301 207.5900 15.58999747 35385
SIRIUSSAT-2             
1 43596U 98067PH  19090.36480053  .00011564  00000-0  15278-3 0  9998
2 43596  51.6392  23.2799 0004484 157.4299 202.6891 15.58849032 35454
TANUSHA-3               
1 43597U 98067PJ  19090.17066225  .00015309  00000-0  19288-3 0  9995
2 43597  51.6378  23.4392 0003770 165.8018 194.3081 15.59823971 35430
1998-067PK              
1 43598U 98067PK  19090.49374399  .00018521  00000-0  23127-3 0  9991
2 43598  51.6387  21.8582 0004058 165.8154 194.2953 15.59898579 35483
1998-067PN              
1 43638U 98067PN  19090.23002207  .00006943  00000-0  10198-3 0  9993
2 43638  51.6400  26.1179 0003284 143.6540 216.4676 15.56733928 27323
1998-067PP              
1 43639U 98067PP  19089.28157933  .00009204  00000-0  12895-3 0  9993
2 43639  51.6395  30.2826 0005896 148.4945 211.6401 15.57559519 27196
STARS-ME                
1 43640U 98067PQ  19090.26763955  .00007434  00000-0  10718-3 0  9997
2 43640  51.6398  25.6209 0006022 150.7417 209.3913 15.57116485 27346
PROGRESS-MS 10          
1 43702U 18091A   19089.55138889  .00002167  00000-0  42293-4 0  9999
2 43702  51.6429  32.1304 0002448 131.8282 202.6721 15.52459091 20802
SOYUZ-MS 11             
1 43756U 18098A   19089.55138889  .00002167  00000-0  42293-4 0  9995
2 43756  51.6429  32.1304 0002448 131.8282 202.6721 15.52459091163034
ISS DEB (SEDA-AP)       
1 43870U 98067PU  19089.67239254  .00003576  00000-0  59879-4 0  9990
2 43870  51.6429  30.6418 0005398 174.5534 185.5556 15.54773650 15393
CATSAT-2                
1 44029U 98067PV  19090.14930325  .00009431  00000-0  14579-3 0  9991
2 44029  51.6405  28.5810 0004543 201.7478 158.3321 15.54827913  9198
DELPHINI                
1 44030U 98067PW  19090.27688455  .00008636  00000-0  13384-3 0  9990
2 44030  51.6399  27.9304 0004227 197.5632 162.5214 15.54887220  9180
UNITE                   
1 44031U 98067PX  19090.28153999  .00005928  00000-0  95188-4 0  9996
2 44031  51.6403  27.9620 0003006 191.2335 168.8589 15.54575481  9180
TECHEDSAT 8             
1 44032U 98067PY  19089.93342284  .00019574  00000-0  28196-3 0  9990
2 44032  51.6395  29.3882 0003160 178.2544 181.8459 15.56026527  9113
CATSAT-1                
1 44033U 98067PZ  19089.37794943  .00009903  00000-0  15286-3 0  9993
2 44033  51.6404  32.4293 0004342 198.3072 161.7763 15.54802821  8984
SOYUZ-MS 12             
1 44069U 19013A   19089.55138889  .00002167  00000-0  42293-4 0  9991
2 44069  51.6429  32.1304 0002448 131.8282 202.6721 15.52459091  2449
SL-4 R/B                
1 44070U 19013B   19076.36498728  .12555064  12584-4  37779-3 0  9997
2 44070  51.6284  96.2497 0003254  37.7381 322.5791 16.45122955   428
